ASPATH: 34245 174
ASPATH: 8468 1299 3356
ASPATH: 3356
ASPATH: 13237 3320 3356
ASPATH: 6762 3356
ASPATH: 30844 3356
ASPATH: 29636 2914 3356
ASPATH: 286 3549 3356
ASPATH: 39202 174 3356
ASPATH: 8419 3356
ASPATH: 34245 3257 3356
ASPATH: 6067 3356
ASPATH: 5511 3356
ASPATH: 8468 1299 3356
ASPATH: 3356
ASPATH: 13237 3320 3356
ASPATH: 6762 3356
ASPATH: 30844 3356
ASPATH: 29636 2914 3356
ASPATH: 286 3549 3356
ASPATH: 39202 174 3356
ASPATH: 8419 3356
ASPATH: 34245 3257 3356
ASPATH: 6067 3356
ASPATH: 5511 3356
ASPATH: 8468 1299 174 21889
ASPATH: 6762 174 21889
ASPATH: 13237 174 21889
ASPATH: 29636 2914 174 21889
ASPATH: 5511 174 21889
ASPATH: 286 174 21889
ASPATH: 39202 174 21889
ASPATH: 8419 6461 174 21889
ASPATH: 6067 174 21889
ASPATH: 8468 1299 174 21889
ASPATH: 6762 174 21889
ASPATH: 13237 174 21889
ASPATH: 29636 2914 174 21889
ASPATH: 5511 174 21889
ASPATH: 286 174 21889
ASPATH: 39202 174 21889
ASPATH: 8419 6461 174 21889
ASPATH: 6067 174 21889
ASPATH: 8468 1299 174 21889
ASPATH: 6762 174 21889
ASPATH: 13237 174 21889
ASPATH: 29636 2914 174 21889
ASPATH: 5511 174 21889
ASPATH: 286 174 21889
ASPATH: 39202 174 21889
ASPATH: 8419 6461 174 21889
ASPATH: 6067 174 21889
ASPATH: 8468 1299 174 21889
ASPATH: 6762 174 21889
ASPATH: 13237 174 21889
ASPATH: 29636 2914 174 21889
ASPATH: 5511 174 21889
ASPATH: 286 174 21889
ASPATH: 39202 174 21889
ASPATH: 8419 6461 174 21889
ASPATH: 6067 174 21889
ASPATH: 8468 1299 3561 13909
ASPATH: 13237 3320 3561 13909
ASPATH: 6762 1239 3561 13909
ASPATH: 29636 2914 3561 13909
ASPATH: 5511 3561 13909
ASPATH: 286 3549 3561 13909
ASPATH: 39202 174 3561 13909
ASPATH: 6067 3549 3561 13909
ASPATH: 34245 174 3561 13909
ASPATH: 8419 6461 3561 13909
ASPATH: 8468 1299 3561 13909
ASPATH: 13237 3320 3561 13909
ASPATH: 6762 1239 3561 13909
ASPATH: 29636 2914 3561 13909
ASPATH: 5511 3561 13909
ASPATH: 286 3549 3561 13909
ASPATH: 39202 174 3561 13909
ASPATH: 6067 3549 3561 13909
ASPATH: 34245 174 3561 13909
ASPATH: 8419 6461 3561 13909
ASPATH: 8468 10310 10310 14780
ASPATH: 6762 10310 14780
ASPATH: 13237 10310 14780
ASPATH: 30844 10310 10310 14780
ASPATH: 29636 3257 10310 14780
ASPATH: 286 10310 10310 14780
ASPATH: 39202 174 10310 14780
ASPATH: 8419 6461 10310 14780
ASPATH: 6067 3549 10310 14780
ASPATH: 5511 701 7018 10310 10310 10310 10310 14780
ASPATH: 8468 1299 1239 12180 12180 12180
ASPATH: 13237 3320 3561 12180 12180 12180
ASPATH: 6762 1239 12180 12180 12180
ASPATH: 29636 2914 1239 12180 12180 12180
ASPATH: 286 3549 1239 12180 12180 12180
ASPATH: 39202 174 3561 12180 12180 12180
ASPATH: 8419 6461 3561 12180 12180 12180
ASPATH: 6067 3549 1239 12180 12180 12180
ASPATH: 5511 3561 12180 12180 12180
ASPATH: 8468 1299 3356
ASPATH: 3356
ASPATH: 13237 3320 3356
ASPATH: 6762 3356
ASPATH: 30844 3356
ASPATH: 29636 2914 3356
ASPATH: 286 3549 3356
ASPATH: 39202 174 3356
ASPATH: 8419 3356
ASPATH: 34245 3257 3356
ASPATH: 6067 3356
ASPATH: 5511 3356
ASPATH: 8468 1299 7018
ASPATH: 13237 3320 7018
ASPATH: 6762 7018
ASPATH: 29636 2914 7018
ASPATH: 286 3549 7018
ASPATH: 5511 7018
ASPATH: 39202 174 7018
ASPATH: 8419 6461 7018
ASPATH: 6067 6453 7018
ASPATH: 8468 1299 701 668
ASPATH: 13237 3320 1239 701 668
ASPATH: 6762 701 668
ASPATH: 30844 3356 701 668
ASPATH: 5511 701 668
ASPATH: 39202 174 701 668
ASPATH: 34245 174 701 668
ASPATH: 29636 2914 701 668
ASPATH: 286 3549 701 668
ASPATH: 8419 6461 701 668
ASPATH: 6067 3356 701 668
ASPATH: 8468 1299 701 668
ASPATH: 13237 3320 1239 701 668
ASPATH: 6762 701 668
ASPATH: 30844 3356 701 668
ASPATH: 34245 174 701 668
ASPATH: 5511 701 668
ASPATH: 39202 174 701 668
ASPATH: 29636 2914 701 668
ASPATH: 286 3549 701 668
ASPATH: 8419 6461 701 668
ASPATH: 6067 3356 701 668
ASPATH: 8468 1299 701 668
ASPATH: 13237 3320 1239 701 668
ASPATH: 6762 701 668
ASPATH: 30844 3356 701 668
ASPATH: 5511 701 668
ASPATH: 39202 174 701 668
ASPATH: 34245 174 701 668
ASPATH: 29636 2914 701 668
ASPATH: 286 3549 701 668
ASPATH: 8419 6461 701 668
ASPATH: 6067 3356 701 668
ASPATH: 8468 1299 701 668
ASPATH: 13237 3320 1239 701 668
ASPATH: 6762 701 668
ASPATH: 30844 3356 701 668
ASPATH: 34245 174 701 668
ASPATH: 5511 701 668
ASPATH: 39202 174 701 668
ASPATH: 29636 2914 701 668
ASPATH: 286 3549 701 668
ASPATH: 8419 6461 701 668
ASPATH: 6067 3356 701 668
ASPATH: 8468 1299 701 668
ASPATH: 13237 3320 1239 701 668
ASPATH: 6762 701 668
ASPATH: 30844 3356 701 668
ASPATH: 34245 174 701 668
ASPATH: 5511 701 668
ASPATH: 39202 174 701 668
ASPATH: 29636 2914 701 668
ASPATH: 286 3549 701 668
ASPATH: 8419 6461 701 668
ASPATH: 6067 3356 701 668
ASPATH: 8468 1299 701 668
ASPATH: 13237 3320 1239 701 668
ASPATH: 6762 701 668
ASPATH: 30844 3356 701 668
ASPATH: 34245 174 701 668
ASPATH: 5511 701 668
ASPATH: 39202 174 701 668
ASPATH: 29636 2914 701 668
ASPATH: 286 3549 701 668
ASPATH: 8419 6461 701 668
ASPATH: 6067 3356 701 668
ASPATH: 8468 1299 701 668
ASPATH: 13237 3320 1239 701 668
ASPATH: 6762 701 668
ASPATH: 30844 3356 701 668
ASPATH: 5511 701 668
ASPATH: 39202 174 701 668
ASPATH: 34245 174 701 668
ASPATH: 29636 2914 701 668
ASPATH: 286 3549 701 668
ASPATH: 8419 6461 701 668
ASPATH: 6067 3356 701 668
ASPATH: 8468 1299 701 668
ASPATH: 13237 3320 1239 701 668
ASPATH: 6762 701 668
ASPATH: 30844 3356 701 668
ASPATH: 5511 701 668
ASPATH: 39202 174 701 668
ASPATH: 34245 174 701 668
ASPATH: 29636 2914 701 668
ASPATH: 286 3549 701 668
ASPATH: 8419 6461 701 668
ASPATH: 6067 3356 701 668
ASPATH: 8468 1299 701 668
ASPATH: 13237 3320 1239 701 668
ASPATH: 6762 701 668
ASPATH: 30844 3356 701 668
ASPATH: 34245 174 701 668
ASPATH: 5511 701 668
ASPATH: 39202 174 701 668
ASPATH: 29636 2914 701 668
ASPATH: 286 3549 701 668
ASPATH: 8419 6461 701 668
ASPATH: 6067 3356 701 668
ASPATH: 8468 1299 701 668
ASPATH: 13237 3320 1239 701 668
ASPATH: 6762 701 668
ASPATH: 30844 3356 701 668
ASPATH: 34245 174 701 668
ASPATH: 5511 701 668
ASPATH: 39202 174 701 668
ASPATH: 29636 2914 701 668
ASPATH: 286 3549 701 668
ASPATH: 8419 6461 701 668
ASPATH: 6067 3356 701 668
ASPATH: 8468 1299 701 668
ASPATH: 13237 3320 1239 701 668
ASPATH: 6762 701 668
ASPATH: 30844 3356 701 668
ASPATH: 34245 174 701 668
ASPATH: 5511 701 668
ASPATH: 39202 174 701 668
ASPATH: 29636 2914 701 668
ASPATH: 286 3549 701 668
ASPATH: 8419 6461 701 668
ASPATH: 6067 3356 701 668
ASPATH: 8468 1299 3356
ASPATH: 3356
ASPATH: 13237 3320 3356
ASPATH: 6762 3356
ASPATH: 30844 3356
ASPATH: 29636 2914 3356
ASPATH: 286 3549 3356
ASPATH: 39202 174 3356
ASPATH: 8419 3356
ASPATH: 34245 3257 3356
ASPATH: 6067 3356
ASPATH: 5511 3356
ASPATH: 8468 1299 3356
ASPATH: 3356
ASPATH: 13237 3320 3356
ASPATH: 6762 3356
ASPATH: 30844 3356
ASPATH: 29636 2914 3356
ASPATH: 286 3549 3356
ASPATH: 39202 174 3356
ASPATH: 8419 3356
ASPATH: 34245 3257 3356
ASPATH: 6067 3356
ASPATH: 5511 3356
ASPATH: 8468 1299 3549 6517 32473
ASPATH: 13237 3549 6517 32473
ASPATH: 6762 3549 6517 32473
ASPATH: 29636 2914 3549 6517 32473
ASPATH: 286 3549 6517 32473
ASPATH: 39202 174 3549 6517 32473
ASPATH: 8419 6461 3549 6517 32473
ASPATH: 6067 3549 6517 32473
ASPATH: 5511 3549 6517 32473
ASPATH: 8468 1299 3356 7911 22645
ASPATH: 13237 3320 3356 7911 22645
ASPATH: 6762 3356 7911 22645
ASPATH: 30844 3356 7911 22645
ASPATH: 29636 2914 3356 7911 22645
ASPATH: 286 3549 3356 7911 22645
ASPATH: 39202 174 3356 7911 22645
ASPATH: 8419 3356 7911 22645
ASPATH: 6067 3356 7911 22645
ASPATH: 5511 3356 7911 22645
ASPATH: 8468 1299 3356 16803
ASPATH: 13237 3320 3356 16803
ASPATH: 6762 3356 16803
ASPATH: 30844 3356 16803
ASPATH: 29636 2914 3356 16803
ASPATH: 286 3549 3356 16803
ASPATH: 39202 174 7018 16803
ASPATH: 34245 174 7018 16803
ASPATH: 8419 3356 16803
ASPATH: 6067 3356 16803
ASPATH: 5511 3356 16803
ASPATH: 8468 1299 3561 13909
ASPATH: 13237 3320 3561 13909
ASPATH: 6762 1239 3561 13909
ASPATH: 29636 2914 3561 13909
ASPATH: 5511 3561 13909
ASPATH: 286 3549 3561 13909
ASPATH: 39202 174 3561 13909
ASPATH: 6067 3549 3561 13909
ASPATH: 8419 6461 3561 13909
ASPATH: 8468 1299 3561 13909
ASPATH: 13237 3320 3561 13909
ASPATH: 6762 1239 3561 13909
ASPATH: 29636 2914 3561 13909
ASPATH: 5511 3561 13909
ASPATH: 286 3549 3561 13909
ASPATH: 39202 174 3561 13909
ASPATH: 6067 3549 3561 13909
ASPATH: 8419 6461 3561 13909
ASPATH: 8468 1299 3356 6395
ASPATH: 13237 3320 3356 6395
ASPATH: 6762 3356 6395
ASPATH: 30844 3356 6395
ASPATH: 29636 2914 3356 6395
ASPATH: 286 3549 3356 6395
ASPATH: 8419 3356 6395
ASPATH: 39202 174 3356 6395
ASPATH: 6067 3356 6395
ASPATH: 5511 3356 6395
ASPATH: 8468 1299 3561 13909
ASPATH: 13237 3320 3561 13909
ASPATH: 6762 1239 3561 13909
ASPATH: 29636 2914 3561 13909
ASPATH: 5511 3561 13909
ASPATH: 286 3549 3561 13909
ASPATH: 39202 174 3561 13909
ASPATH: 6067 3549 3561 13909
ASPATH: 8419 6461 3561 13909
ASPATH: 8468 1299 3561 13909
ASPATH: 13237 3320 3561 13909
ASPATH: 6762 1239 3561 13909
ASPATH: 29636 2914 3561 13909
ASPATH: 5511 3561 13909
ASPATH: 286 3549 3561 13909
ASPATH: 39202 174 3561 13909
ASPATH: 6067 3549 3561 13909
ASPATH: 8419 6461 3561 13909
ASPATH: 8419 6461 8001 20473 20473 20473 20473
ASPATH: 29636 6461 8001 20473 20473 20473 20473
ASPATH: 8419 6461 8001 20473 20473 20473 20473
ASPATH: 29636 6461 8001 20473 20473 20473 20473
ASPATH: 8419 6461 8001 20473 20473 20473 20473
ASPATH: 29636 6461 8001 20473 20473 20473 20473
ASPATH: 8468 19151 26554 36394
ASPATH: 6762 174 26554 36394
ASPATH: 13237 19151 26554 36394
ASPATH: 30844 19151 26554 36394
ASPATH: 29636 19151 26554 36394
ASPATH: 286 19151 26554 36394
ASPATH: 39202 19151 26554 36394
ASPATH: 19151 26554 36394
ASPATH: 8419 19151 26554 36394
ASPATH: 34245 19151 26554 36394
ASPATH: 6067 19151 26554 36394
ASPATH: 5511 174 26554 36394
ASPATH: 8468 1299 3356 14711
ASPATH: 13237 3320 3356 14711
ASPATH: 6762 3356 14711
ASPATH: 30844 3356 14711
ASPATH: 29636 2914 3356 14711
ASPATH: 286 3549 3356 14711
ASPATH: 39202 174 3356 14711
ASPATH: 8419 3356 14711
ASPATH: 6067 3356 14711
ASPATH: 5511 3356 14711
ASPATH: 8468 1299 3549 26769
ASPATH: 13237 3549 26769
ASPATH: 6762 3549 26769
ASPATH: 30844 3356 26769
ASPATH: 286 3549 26769
ASPATH: 6067 3356 26769
ASPATH: 8419 3356 26769
ASPATH: 39202 174 3549 26769
ASPATH: 29636 2914 3356 26769
ASPATH: 5511 3356 26769
ASPATH: 8468 1299 3356 14711
ASPATH: 13237 3320 3356 14711
ASPATH: 6762 3356 14711
ASPATH: 30844 3356 14711
ASPATH: 29636 2914 3356 14711
ASPATH: 286 3549 3356 14711
ASPATH: 39202 174 3356 14711
ASPATH: 8419 3356 14711
ASPATH: 6067 3356 14711
ASPATH: 5511 3356 14711
ASPATH: 8468 1299 3549 26769
ASPATH: 13237 3549 26769
ASPATH: 6762 3549 26769
ASPATH: 30844 3356 26769
ASPATH: 39202 174 3549 26769
ASPATH: 29636 2914 3356 26769
ASPATH: 5511 3356 26769
ASPATH: 286 3549 26769
ASPATH: 6067 3356 26769
ASPATH: 8419 3356 26769
ASPATH: 8468 1299 3549 26769
ASPATH: 13237 3549 26769
ASPATH: 6762 3549 26769
ASPATH: 30844 3356 26769
ASPATH: 286 3549 26769
ASPATH: 6067 3356 26769
ASPATH: 8419 3356 26769
ASPATH: 34245 3257 3549 26769
ASPATH: 39202 174 3549 26769
ASPATH: 29636 2914 3356 26769
ASPATH: 5511 3356 26769
ASPATH: 8468 1299 15133 15133
ASPATH: 13237 1299 15133 15133
ASPATH: 6762 3356 15133 15133
ASPATH: 30844 3356 15133 15133
ASPATH: 29636 2914 3356 15133 15133
ASPATH: 286 1299 15133 15133
ASPATH: 3356 15133 15133
ASPATH: 1299 15133 15133
ASPATH: 39202 174 1299 15133 15133
ASPATH: 8419 3356 15133 15133
ASPATH: 6067 3356 15133 15133
ASPATH: 5511 3356 15133 15133
ASPATH: 13237 3320 3356 3356 21640
ASPATH: 8468 1299 3356 3356 21640
ASPATH: 6762 3356 3356 21640
ASPATH: 30844 3356 21640
ASPATH: 29636 2914 3356 3356 21640
ASPATH: 286 3549 3356 3356 21640
ASPATH: 39202 3257 3356 3356 21640
ASPATH: 8419 3356 21640
ASPATH: 6067 3356 21640
ASPATH: 5511 3356 3356 21640
ASPATH: 8468 1299 3549 16420
ASPATH: 13237 3549 16420
ASPATH: 6762 3549 16420
ASPATH: 29636 2914 3549 16420
ASPATH: 286 3549 16420
ASPATH: 39202 174 3549 16420
ASPATH: 8419 6461 3549 16420
ASPATH: 34245 3257 3549 16420
ASPATH: 6067 3549 16420
ASPATH: 5511 3549 16420
ASPATH: 8468 1299 3356 3356 21640
ASPATH: 13237 3320 3356 3356 21640
ASPATH: 6762 3356 3356 21640
ASPATH: 30844 3356 21640
ASPATH: 29636 2914 3356 3356 21640
ASPATH: 286 3549 3356 3356 21640
ASPATH: 39202 174 3356 3356 21640
ASPATH: 8419 3356 21640
ASPATH: 6067 3356 21640
ASPATH: 5511 3356 3356 21640
ASPATH: 8468 1299 1239 26759
ASPATH: 13237 3320 1239 26759
ASPATH: 6762 1239 26759
ASPATH: 29636 2914 1239 26759
ASPATH: 286 3549 1239 26759
ASPATH: 39202 174 1239 26759
ASPATH: 34245 174 1239 26759
ASPATH: 6067 3549 1239 26759
ASPATH: 8419 6461 1239 26759
ASPATH: 5511 1239 26759
ASPATH: 13237 3320 3356 36524
ASPATH: 8468 1299 3356 36524
ASPATH: 6762 3356 36524
ASPATH: 30844 3356 36524
ASPATH: 29636 2914 3356 36524
ASPATH: 286 3549 3356 36524
ASPATH: 39202 174 3356 36524
ASPATH: 8419 3356 36524
ASPATH: 6067 3356 36524
ASPATH: 5511 3356 36524
ASPATH: 8468 6453 701 36431
ASPATH: 13237 3549 36431 36431 36431
ASPATH: 6762 701 36431
ASPATH: 30844 3356 701 36431
ASPATH: 29636 2914 701 36431
ASPATH: 286 3549 36431 36431 36431
ASPATH: 39202 174 3549 36431 36431 36431
ASPATH: 8419 6461 701 36431
ASPATH: 6067 3356 701 36431
ASPATH: 5511 3549 36431 36431 36431
ASPATH: 8468 1299 3561 27524
ASPATH: 13237 3320 3561 27524
ASPATH: 6762 1239 3561 27524
ASPATH: 29636 2914 3561 27524
ASPATH: 286 3549 3561 27524
ASPATH: 39202 174 3561 27524
ASPATH: 8419 6461 27524
ASPATH: 6067 6453 3561 27524
ASPATH: 5511 3561 27524
ASPATH: 8468 1299 3549 40415
ASPATH: 13237 3549 40415
ASPATH: 6762 3549 40415
ASPATH: 30844 3356 40415
ASPATH: 29636 2914 3356 40415
ASPATH: 286 3549 40415
ASPATH: 39202 174 3549 40415
ASPATH: 8419 3356 40415
ASPATH: 6067 3356 40415
ASPATH: 5511 3356 40415
ASPATH: 8468 1299 1239 4739
ASPATH: 13237 3320 1239 4739
ASPATH: 6762 1239 4739
ASPATH: 29636 2914 1239 4739
ASPATH: 286 3549 1239 4739
ASPATH: 8419 6461 1239 4739
ASPATH: 39202 174 1239 4739
ASPATH: 6067 3549 1239 4739
ASPATH: 5511 1239 4739
ASPATH: 8468 1299 3549 23286
ASPATH: 13237 3549 23286
ASPATH: 6762 3549 23286
ASPATH: 30844 3356 23286
ASPATH: 29636 2914 3356 23286
ASPATH: 286 3549 23286
ASPATH: 39202 174 3549 23286
ASPATH: 8419 3356 23286
ASPATH: 34245 3257 3549 23286
ASPATH: 6067 3356 23286
ASPATH: 5511 3356 23286
ASPATH: 8468 1299 3549 26769
ASPATH: 13237 3549 26769
ASPATH: 6762 3549 26769
ASPATH: 30844 3356 26769
ASPATH: 29636 2914 3356 26769
ASPATH: 286 3549 26769
ASPATH: 39202 174 3549 26769
ASPATH: 34245 3257 3549 26769
ASPATH: 8419 3356 26769
ASPATH: 6067 3356 26769
ASPATH: 5511 3356 26769
ASPATH: 2914 7385 40679 40679 40679
ASPATH: 2914 7385 40679 40679 40679
ASPATH: 13237 3320 3356 40679
ASPATH: 8468 1299 3356 40679
ASPATH: 6762 3356 40679
ASPATH: 30844 3356 40679
ASPATH: 8419 3356 40679
ASPATH: 34245 174 2914 7385 40679 40679 40679
ASPATH: 286 3549 7385 40679 40679 40679
ASPATH: 39202 3257 3356 40679
ASPATH: 29636 3257 3356 40679
ASPATH: 5511 3356 40679
ASPATH: 6067 3356 40679
ASPATH: 8468 1299 1239 23134
ASPATH: 13237 3320 1239 23134
ASPATH: 6762 1239 23134
ASPATH: 29636 2914 1239 23134
ASPATH: 286 3549 1239 23134
ASPATH: 8419 6461 1239 23134
ASPATH: 39202 174 1239 23134
ASPATH: 6067 3549 1239 23134
ASPATH: 5511 1239 23134
ASPATH: 8468 1299 174 13332 13332 13332 13332
ASPATH: 6762 174 13332 13332 13332 13332
ASPATH: 13237 174 13332 13332 13332 13332
ASPATH: 29636 2914 174 13332 13332 13332 13332
ASPATH: 286 174 13332 13332 13332 13332
ASPATH: 39202 174 13332 13332 13332 13332
ASPATH: 8419 6461 174 13332 13332 13332 13332
ASPATH: 34245 3257 174 13332 13332 13332 13332
ASPATH: 6067 174 13332 13332 13332 13332
ASPATH: 5511 174 13332 13332 13332 13332
ASPATH: 8468 1299 174 14627
ASPATH: 286 174 14627
ASPATH: 6762 174 14627
ASPATH: 13237 174 14627
ASPATH: 30844 3356 174 14627
ASPATH: 29636 2914 174 14627
ASPATH: 39202 174 14627
ASPATH: 8419 3356 174 14627
ASPATH: 6067 174 14627
ASPATH: 5511 174 14627
ASPATH: 8468 1299 3356 15162
ASPATH: 13237 3320 3356 15162
ASPATH: 6762 3356 15162
ASPATH: 30844 3356 15162
ASPATH: 29636 2914 3356 15162
ASPATH: 286 3549 3356 15162
ASPATH: 39202 174 3356 15162
ASPATH: 8419 3356 15162
ASPATH: 34245 174 3356 15162
ASPATH: 6067 3356 15162
ASPATH: 5511 3356 15162
ASPATH: 8468 1299 3356 15162
ASPATH: 13237 3320 3356 15162
ASPATH: 6762 3356 15162
ASPATH: 30844 3356 15162
ASPATH: 29636 2914 3356 15162
ASPATH: 286 3549 3356 15162
ASPATH: 39202 174 3356 15162
ASPATH: 8419 3356 15162
ASPATH: 6067 3356 15162
ASPATH: 5511 3356 15162
ASPATH: 8468 1299 3356 13546
ASPATH: 13237 3320 3356 13546
ASPATH: 6762 3356 13546
ASPATH: 30844 3356 13546
ASPATH: 29636 3257 3356 13546
ASPATH: 286 3549 3356 13546
ASPATH: 2914 16467 13546 13546 13546 13546 13546
ASPATH: 2914 16467 13546 13546 13546 13546 13546
ASPATH: 39202 3257 3356 13546
ASPATH: 8419 3356 13546
ASPATH: 6067 3356 13546
ASPATH: 5511 3356 13546
ASPATH: 8468 1299 3356 40548
ASPATH: 13237 3320 3356 40548
ASPATH: 6762 3356 40548
ASPATH: 30844 3356 40548
ASPATH: 29636 2914 3356 40548
ASPATH: 286 3549 3356 40548
ASPATH: 8419 3356 40548
ASPATH: 39202 174 3356 40548
ASPATH: 6067 3356 40548
ASPATH: 5511 3356 40548
ASPATH: 8468 1299 3549 26769
ASPATH: 13237 3549 26769
ASPATH: 6762 3549 26769
ASPATH: 286 3549 26769
ASPATH: 39202 174 3549 26769
ASPATH: 34245 3257 3549 26769
ASPATH: 8419 6461 3549 26769
ASPATH: 29636 2914 3549 26769
ASPATH: 5511 3549 26769
ASPATH: 6067 3549 26769
ASPATH: 8468 1299 6461 21740 21740 21740 21740 21740 21740
ASPATH: 6762 6461 21740 21740 21740 21740 21740 21740
ASPATH: 13237 6461 21740 21740 21740 21740 21740 21740
ASPATH: 29636 2914 6461 21740 21740 21740 21740 21740 21740
ASPATH: 286 6461 21740 21740 21740 21740 21740 21740
ASPATH: 6067 6461 21740 21740 21740 21740 21740 21740
ASPATH: 6461 21740 21740 21740 21740 21740 21740
ASPATH: 39202 174 6461 21740 21740 21740 21740 21740 21740
ASPATH: 8419 6461 21740 21740 21740 21740 21740 21740
ASPATH: 34245 174 6461 21740 21740 21740 21740 21740 21740
ASPATH: 5511 6461 21740 21740 21740 21740 21740 21740
ASPATH: 8468 1299 209 13989 13989 13989 13989
ASPATH: 13237 3320 209 13989 13989 13989 13989
ASPATH: 6762 209 13989 13989 13989 13989
ASPATH: 286 209 13989 13989 13989 13989
ASPATH: 34245 174 209 13989 13989 13989 13989
ASPATH: 29636 2914 209 13989 13989 13989 13989
ASPATH: 5511 209 13989 13989 13989 13989
ASPATH: 39202 174 209 13989 13989 13989 13989
ASPATH: 8419 6461 209 13989 13989 13989 13989
ASPATH: 6067 6453 209 13989 13989 13989 13989
ASPATH: 8468 1299 209 13989 13989 13989 13989
ASPATH: 13237 3320 209 13989 13989 13989 13989
ASPATH: 6762 209 13989 13989 13989 13989
ASPATH: 286 209 13989 13989 13989 13989
ASPATH: 29636 2914 209 13989 13989 13989 13989
ASPATH: 5511 209 13989 13989 13989 13989
ASPATH: 39202 174 209 13989 13989 13989 13989
ASPATH: 8419 6461 209 13989 13989 13989 13989
ASPATH: 6067 6453 209 13989 13989 13989 13989
ASPATH: 8468 1299 209 13989 13989 13989 13989
ASPATH: 13237 3320 209 13989 13989 13989 13989
ASPATH: 6762 209 13989 13989 13989 13989
ASPATH: 286 209 13989 13989 13989 13989
ASPATH: 34245 174 209 13989 13989 13989 13989
ASPATH: 29636 2914 209 13989 13989 13989 13989
ASPATH: 5511 209 13989 13989 13989 13989
ASPATH: 39202 174 209 13989 13989 13989 13989
ASPATH: 8419 6461 209 13989 13989 13989 13989
ASPATH: 6067 6453 209 13989 13989 13989 13989
ASPATH: 13237 174 19397 19397 19397 19397
ASPATH: 8468 1299 3356 19397
ASPATH: 6762 3356 19397
ASPATH: 30844 3356 19397
ASPATH: 29636 2914 3356 19397
ASPATH: 286 174 19397 19397 19397 19397
ASPATH: 39202 3257 3356 19397
ASPATH: 8419 3356 19397
ASPATH: 6067 174 19397 19397 19397 19397
ASPATH: 5511 3356 19397
ASPATH: 8468 1299 15133 15133
ASPATH: 13237 1299 15133 15133
ASPATH: 6762 3356 15133 15133
ASPATH: 30844 3356 15133 15133
ASPATH: 29636 2914 3356 15133 15133
ASPATH: 286 1299 15133 15133
ASPATH: 3356 15133 15133
ASPATH: 1299 15133 15133
ASPATH: 39202 174 1299 15133 15133
ASPATH: 8419 3356 15133 15133
ASPATH: 6067 3356 15133 15133
ASPATH: 5511 3356 15133 15133
ASPATH: 13237 1299 15133 15133
ASPATH: 8468 1299 15133 15133
ASPATH: 6762 3356 15133 15133
ASPATH: 30844 3356 15133 15133
ASPATH: 29636 2914 3356 15133 15133
ASPATH: 286 1299 15133 15133
ASPATH: 3356 15133 15133
ASPATH: 1299 15133 15133
ASPATH: 39202 174 1299 15133 15133
ASPATH: 8419 3356 15133 15133
ASPATH: 6067 3356 15133 15133
ASPATH: 5511 3356 15133 15133
ASPATH: 8468 1299 174 22886
ASPATH: 6762 174 22886
ASPATH: 13237 174 22886
ASPATH: 6067 174 22886
ASPATH: 286 174 22886
ASPATH: 39202 174 22886
ASPATH: 29636 2914 174 22886
ASPATH: 5511 174 22886
ASPATH: 8419 6461 174 22886
ASPATH: 8468 1299 3356 13535
ASPATH: 13237 3320 3356 13535
ASPATH: 6762 3356 13535
ASPATH: 30844 3356 13535
ASPATH: 29636 2914 3356 13535
ASPATH: 286 3549 3561 13535
ASPATH: 39202 174 3561 13535
ASPATH: 8419 3356 13535
ASPATH: 6067 3356 13535
ASPATH: 5511 3561 13535
ASPATH: 8468 1299 3356 36492
ASPATH: 13237 3320 3356 36492
ASPATH: 6762 3356 36492
ASPATH: 30844 3356 36492
ASPATH: 29636 2914 3356 36492
ASPATH: 286 209 36492
ASPATH: 39202 174 209 36492
ASPATH: 8419 3356 36492
ASPATH: 34245 174 209 36492
ASPATH: 6067 3356 36492
ASPATH: 5511 3356 36492
ASPATH: 8468 1299 174 11186
ASPATH: 6762 174 11186
ASPATH: 13237 174 11186
ASPATH: 30844 3356 11186
ASPATH: 29636 2914 3356 11186
ASPATH: 286 174 11186
ASPATH: 39202 174 11186
ASPATH: 34245 3257 174 11186
ASPATH: 8419 3356 11186
ASPATH: 6067 174 11186
ASPATH: 5511 174 11186
ASPATH: 8468 1299 174 11186
ASPATH: 6762 174 11186
ASPATH: 13237 174 11186
ASPATH: 30844 3356 11186
ASPATH: 29636 2914 3356 11186
ASPATH: 286 174 11186
ASPATH: 39202 174 11186
ASPATH: 8419 3356 11186
ASPATH: 6067 174 11186
ASPATH: 5511 174 11186
ASPATH: 8468 1299 174 11186
ASPATH: 6762 174 11186
ASPATH: 13237 174 11186
ASPATH: 30844 3356 11186
ASPATH: 29636 2914 3356 11186
ASPATH: 286 174 11186
ASPATH: 39202 174 11186
ASPATH: 34245 3257 174 11186
ASPATH: 8419 3356 11186
ASPATH: 6067 174 11186
ASPATH: 5511 174 11186
ASPATH: 13237 1299 15133 15133
ASPATH: 8468 1299 15133 15133
ASPATH: 6762 3356 15133 15133
ASPATH: 30844 3356 15133 15133
ASPATH: 29636 2914 3356 15133 15133
ASPATH: 286 1299 15133 15133
ASPATH: 3356 15133 15133
ASPATH: 1299 15133 15133
ASPATH: 39202 174 1299 15133 15133
ASPATH: 8419 3356 15133 15133
ASPATH: 6067 3356 15133 15133
ASPATH: 5511 3356 15133 15133
ASPATH: 8468 1299 3356 23468
ASPATH: 6762 3356 23468
ASPATH: 13237 8075 23468
ASPATH: 30844 3356 23468
ASPATH: 29636 2914 3356 23468
ASPATH: 286 8075 23468
ASPATH: 39202 174 8075 23468
ASPATH: 8419 3356 23468
ASPATH: 6067 3356 23468
ASPATH: 5511 3356 23468
ASPATH: 8468 19151 13680 30217
ASPATH: 6762 3356 30217
ASPATH: 13237 4323 30217
ASPATH: 30844 13680 30217
ASPATH: 29636 19151 13680 30217
ASPATH: 286 19151 13680 30217
ASPATH: 1299 13680 30217
ASPATH: 39202 19151 13680 30217
ASPATH: 19151 13680 30217
ASPATH: 8419 13680 30217
ASPATH: 34245 13680 30217
ASPATH: 6067 19151 13680 30217
ASPATH: 5511 3356 30217
ASPATH: 8468 1299 174 31846
ASPATH: 6762 174 31846
ASPATH: 13237 174 31846
ASPATH: 8419 6461 174 31846
ASPATH: 286 174 31846
ASPATH: 6067 174 31846
ASPATH: 39202 174 31846
ASPATH: 29636 2914 174 31846
ASPATH: 5511 174 31846
ASPATH: 8468 1299 3356 33724
ASPATH: 13237 174 33724 33724 33724 33724 33724 33724 33724
ASPATH: 6762 3356 33724
ASPATH: 30844 3356 33724
ASPATH: 29636 2914 3356 33724
ASPATH: 286 174 33724 33724 33724 33724 33724 33724 33724
ASPATH: 39202 3257 3356 33724
ASPATH: 8419 3356 33724
ASPATH: 6067 174 33724 33724 33724 33724 33724 33724 33724
ASPATH: 5511 3356 33724
ASPATH: 8468 1299 174 11096 11096 11096 6356
ASPATH: 6762 174 11096 11096 11096 6356
ASPATH: 13237 174 11096 11096 11096 6356
ASPATH: 30844 22773 22318 6356 6356 6356 6356
ASPATH: 29636 2914 174 11096 11096 11096 6356
ASPATH: 286 174 11096 11096 11096 6356
ASPATH: 39202 174 11096 11096 11096 6356
ASPATH: 8419 6461 11164 11096 6356
ASPATH: 34245 3257 174 11096 11096 11096 6356
ASPATH: 6067 174 11096 11096 11096 6356
ASPATH: 5511 174 11096 11096 11096 6356
ASPATH: 8468 1299 3356 14066
ASPATH: 13237 3320 3356 14066
ASPATH: 6762 3356 14066
ASPATH: 30844 3356 14066
ASPATH: 29636 2914 3356 14066
ASPATH: 286 3549 3356 14066
ASPATH: 39202 174 3356 14066
ASPATH: 8419 3356 14066
ASPATH: 6067 3356 14066
ASPATH: 5511 3356 14066
ASPATH: 8468 1299 3356 23409
ASPATH: 13237 3320 3356 23409
ASPATH: 6762 3356 23409
ASPATH: 30844 3356 23409
ASPATH: 29636 2914 3356 23409
ASPATH: 286 3549 3356 23409
ASPATH: 39202 174 3356 23409
ASPATH: 8419 3356 23409
ASPATH: 6067 3356 23409
ASPATH: 5511 3356 23409
ASPATH: 8468 1299 2828 25741
ASPATH: 13237 3549 6517 25741
ASPATH: 6762 3356 25741
ASPATH: 30844 3356 25741
ASPATH: 29636 2914 3356 25741
ASPATH: 286 3549 6517 25741
ASPATH: 39202 174 2828 25741
ASPATH: 8419 3356 25741
ASPATH: 6067 3356 25741
ASPATH: 5511 3356 25741
ASPATH: 8468 1299 2828 25741
ASPATH: 13237 3549 6517 25741
ASPATH: 6762 3356 25741
ASPATH: 30844 3356 25741
ASPATH: 29636 2914 3356 25741
ASPATH: 286 3549 6517 25741
ASPATH: 39202 174 2828 25741
ASPATH: 8419 3356 25741
ASPATH: 34245 174 2828 25741
ASPATH: 6067 3356 25741
ASPATH: 5511 3356 25741
ASPATH: 8468 1299 2828 25741
ASPATH: 13237 3549 6517 25741
ASPATH: 6762 3356 25741
ASPATH: 30844 3356 25741
ASPATH: 29636 2914 3356 25741
ASPATH: 286 3549 6517 25741
ASPATH: 39202 174 2828 25741
ASPATH: 8419 3356 25741
ASPATH: 6067 3356 25741
ASPATH: 5511 3356 25741
ASPATH: 8468 1299 3356 22329
ASPATH: 13237 3320 3356 22329
ASPATH: 6762 3356 22329
ASPATH: 30844 3356 22329
ASPATH: 29636 2914 3356 22329
ASPATH: 286 3549 3561 22329
ASPATH: 39202 174 3561 22329
ASPATH: 8419 3356 22329
ASPATH: 6067 3356 22329
ASPATH: 34245 174 3561 22329
ASPATH: 5511 3561 22329
ASPATH: 8468 1299 3549 21840
ASPATH: 13237 3257 21840 21840 21840 21840 21840
ASPATH: 6762 3549 21840
ASPATH: 30844 3356 21840
ASPATH: 3257 21840 21840 21840 21840 21840
ASPATH: 29636 2914 3356 21840
ASPATH: 286 3257 21840 21840 21840 21840 21840
ASPATH: 39202 174 2828 21840
ASPATH: 8419 3356 21840
ASPATH: 34245 3257 21840 21840 21840 21840 21840
ASPATH: 6067 3356 21840
ASPATH: 5511 3356 21840
ASPATH: 8468 1299 209 27005
ASPATH: 13237 3320 209 27005
ASPATH: 6762 209 27005
ASPATH: 29636 2914 209 27005
ASPATH: 286 209 27005
ASPATH: 39202 174 209 27005
ASPATH: 8419 6461 209 27005
ASPATH: 34245 174 209 27005
ASPATH: 6067 286 209 27005
ASPATH: 5511 209 27005
ASPATH: 8468 1299 3356 14066
ASPATH: 13237 3320 3356 14066
ASPATH: 6762 3356 14066
ASPATH: 30844 3356 14066
ASPATH: 29636 2914 3356 14066
ASPATH: 286 3549 3356 14066
ASPATH: 39202 174 3356 14066
ASPATH: 8419 3356 14066
ASPATH: 6067 3356 14066
ASPATH: 5511 3356 14066
ASPATH: 8468 1299 209 21831 16604
ASPATH: 8419 6461 209 21831 16604
ASPATH: 6762 209 21831 16604
ASPATH: 286 209 21831 16604
ASPATH: 34245 174 209 21831 16604
ASPATH: 39202 174 209 21831 16604
ASPATH: 6067 6453 209 21831 16604
ASPATH: 13237 3320 209 21831 16604
ASPATH: 29636 2914 209 21831 16604
ASPATH: 5511 209 21831 16604
ASPATH: 8468 1299 209 27005
ASPATH: 13237 3320 209 27005
ASPATH: 6762 209 27005
ASPATH: 29636 2914 209 27005
ASPATH: 286 209 27005
ASPATH: 39202 174 209 27005
ASPATH: 8419 6461 209 27005
ASPATH: 34245 174 209 27005
ASPATH: 6067 286 209 27005
ASPATH: 5511 209 27005
ASPATH: 8468 1299 6461 33459
ASPATH: 6762 6461 33459
ASPATH: 13237 6461 33459
ASPATH: 30844 3356 33459 33459 33459 33459
ASPATH: 29636 2914 6461 33459
ASPATH: 286 6461 33459
ASPATH: 6067 6461 33459
ASPATH: 6461 33459
ASPATH: 39202 174 6461 33459
ASPATH: 8419 6461 33459
ASPATH: 5511 6461 33459
ASPATH: 8468 1299 3356 30016
ASPATH: 13237 3320 3356 30016
ASPATH: 6762 3356 30016
ASPATH: 30844 3356 30016
ASPATH: 29636 2914 3356 30016
ASPATH: 286 3549 3356 30016
ASPATH: 39202 174 3356 30016
ASPATH: 6067 3356 30016
ASPATH: 5511 3356 30016
ASPATH: 8419 3356 30016
ASPATH: 8468 1299 3356 21640
ASPATH: 13237 3320 3356 21640
ASPATH: 6762 3356 21640
ASPATH: 30844 3356 21640
ASPATH: 29636 2914 3356 21640
ASPATH: 286 3549 3356 21640
ASPATH: 5511 3356 21640
ASPATH: 39202 174 3356 21640
ASPATH: 8419 3356 21640
ASPATH: 6067 3356 21640
ASPATH: 8468 1299 3561 13909
ASPATH: 13237 3320 3561 13909
ASPATH: 6762 1239 3561 13909
ASPATH: 29636 2914 3561 13909
ASPATH: 5511 3561 13909
ASPATH: 286 3549 3561 13909
ASPATH: 39202 174 3561 13909
ASPATH: 6067 3549 3561 13909
ASPATH: 8419 6461 3561 13909
ASPATH: 8468 1299 6461 26478
ASPATH: 6762 6461 26478
ASPATH: 13237 6461 26478
ASPATH: 29636 2914 6461 26478
ASPATH: 286 6461 26478
ASPATH: 6067 6461 26478
ASPATH: 6461 26478
ASPATH: 5511 6461 26478
ASPATH: 39202 174 6461 26478
ASPATH: 8419 6461 26478
ASPATH: 8468 1299 3561 13909
ASPATH: 13237 3320 3561 13909
ASPATH: 6762 1239 3561 13909
ASPATH: 29636 2914 3561 13909
ASPATH: 5511 3561 13909
ASPATH: 286 3549 3561 13909
ASPATH: 39202 174 3561 13909
ASPATH: 6067 3549 3561 13909
ASPATH: 8419 6461 3561 13909
ASPATH: 8468 1299 3356 40538
ASPATH: 13237 3320 3356 40538
ASPATH: 6762 3356 40538
ASPATH: 30844 3356 40538
ASPATH: 29636 2914 3356 40538
ASPATH: 286 3549 3356 40538
ASPATH: 39202 174 3356 40538
ASPATH: 8419 3356 40538
ASPATH: 6067 3356 40538
ASPATH: 5511 3356 40538
ASPATH: 8468 1299 3356 36597
ASPATH: 13237 3320 3356 36597
ASPATH: 6762 3356 36597
ASPATH: 30844 3356 36597
ASPATH: 29636 2914 3356 36597
ASPATH: 286 3549 3356 36597
ASPATH: 39202 174 3356 36597
ASPATH: 8419 3356 36597
ASPATH: 6067 3356 36597
ASPATH: 5511 3356 36597
ASPATH: 8468 1299 15133 15133
ASPATH: 13237 1299 15133 15133
ASPATH: 6762 3356 15133 15133
ASPATH: 30844 3356 15133 15133
ASPATH: 29636 2914 3356 15133 15133
ASPATH: 286 1299 15133 15133
ASPATH: 3356 15133 15133
ASPATH: 1299 15133 15133
ASPATH: 39202 174 1299 15133 15133
ASPATH: 8419 3356 15133 15133
ASPATH: 6067 3356 15133 15133
ASPATH: 5511 3356 15133 15133
ASPATH: 8468 1299 174 22886
ASPATH: 6762 174 22886
ASPATH: 13237 174 22886
ASPATH: 29636 2914 174 22886
ASPATH: 286 174 22886
ASPATH: 39202 174 22886
ASPATH: 8419 6461 174 22886
ASPATH: 6067 174 22886
ASPATH: 5511 174 22886
ASPATH: 8468 1299 6461 14135
ASPATH: 6762 6461 14135
ASPATH: 13237 6461 14135
ASPATH: 30844 3356 14135
ASPATH: 29636 2914 3356 14135
ASPATH: 286 6461 14135
ASPATH: 6461 14135
ASPATH: 39202 3257 3356 14135
ASPATH: 8419 6461 14135
ASPATH: 34245 3257 3356 14135
ASPATH: 6067 6461 14135
ASPATH: 5511 6461 14135
ASPATH: 8468 1299 3356 25920
ASPATH: 13237 3320 3356 25920
ASPATH: 6762 3356 25920
ASPATH: 30844 3356 25920
ASPATH: 29636 2914 3356 25920
ASPATH: 286 3549 3356 25920
ASPATH: 39202 3257 3356 25920
ASPATH: 8419 3356 25920
ASPATH: 6067 3356 25920
ASPATH: 5511 3356 25920
ASPATH: 8468 1299 174 36129
ASPATH: 6762 174 36129
ASPATH: 13237 174 36129
ASPATH: 30844 3356 36129 36129 36129 36129 36129 36129 36129 36129 36129 36129 36129
ASPATH: 29636 2914 174 36129
ASPATH: 286 174 36129
ASPATH: 39202 174 36129
ASPATH: 6067 174 36129
ASPATH: 5511 174 36129
ASPATH: 8419 6461 174 36129
ASPATH: 8468 1299 174 14728
ASPATH: 6762 174 14728
ASPATH: 13237 174 14728
ASPATH: 30844 3356 14728
ASPATH: 29636 2914 3356 14728
ASPATH: 286 174 14728
ASPATH: 39202 174 14728
ASPATH: 34245 3257 174 14728
ASPATH: 8419 3356 14728
ASPATH: 6067 174 14728
ASPATH: 5511 174 14728
ASPATH: 8468 1299 174 14728
ASPATH: 6762 174 14728
ASPATH: 13237 174 14728
ASPATH: 30844 3356 14728
ASPATH: 29636 2914 3356 14728
ASPATH: 286 174 14728
ASPATH: 39202 174 14728
ASPATH: 34245 3257 174 14728
ASPATH: 8419 3356 14728
ASPATH: 6067 174 14728
ASPATH: 5511 174 14728
ASPATH: 8468 1299 174 14728
ASPATH: 6762 174 14728
ASPATH: 13237 174 14728
ASPATH: 30844 3356 14728
ASPATH: 29636 2914 3356 14728
ASPATH: 286 174 14728
ASPATH: 39202 174 14728
ASPATH: 34245 3257 174 14728
ASPATH: 8419 3356 14728
ASPATH: 6067 174 14728
ASPATH: 5511 174 14728
ASPATH: 8468 1299 174 14728
ASPATH: 6762 174 14728
ASPATH: 13237 174 14728
ASPATH: 30844 3356 14728
ASPATH: 29636 2914 3356 14728
ASPATH: 286 174 14728
ASPATH: 39202 174 14728
ASPATH: 34245 3257 174 14728
ASPATH: 8419 3356 14728
ASPATH: 6067 174 14728
ASPATH: 5511 174 14728
ASPATH: 8468 1299 2914 12182 14236
ASPATH: 13237 3549 12182 14236
ASPATH: 6762 3549 12182 14236
ASPATH: 2914 12182 14236
ASPATH: 29636 2914 12182 14236
ASPATH: 286 3549 12182 14236
ASPATH: 2914 12182 14236
ASPATH: 39202 174 2914 12182 14236
ASPATH: 8419 6461 2914 12182 14236
ASPATH: 6067 3549 12182 14236
ASPATH: 5511 3561 12182 14236
ASPATH: 8468 1299 3356 21707
ASPATH: 13237 3320 3356 21707
ASPATH: 6762 3356 21707
ASPATH: 30844 3356 21707
ASPATH: 29636 2914 3356 21707
ASPATH: 286 3549 3356 21707
ASPATH: 39202 174 3356 21707
ASPATH: 8419 3356 21707
ASPATH: 6067 3356 21707
ASPATH: 5511 3356 21707
ASPATH: 13237 3320 3356 21640 21640
ASPATH: 8468 1299 7018 11853 21640
ASPATH: 6762 3356 21640 21640
ASPATH: 30844 3356 21640 21640
ASPATH: 29636 2914 3356 21640 21640
ASPATH: 286 3549 3356 21640 21640
ASPATH: 39202 174 7018 11853 21640
ASPATH: 8419 3356 21640 21640
ASPATH: 6067 3356 21640 21640
ASPATH: 5511 3356 21640 21640
ASPATH: 8468 1299 3356 20473
ASPATH: 13237 3320 3356 20473
ASPATH: 6762 3356 20473
ASPATH: 30844 3356 20473
ASPATH: 29636 2914 3356 20473
ASPATH: 286 3549 3356 20473
ASPATH: 39202 174 3356 20473
ASPATH: 8419 3356 20473
ASPATH: 6067 3356 20473
ASPATH: 5511 3356 20473
ASPATH: 8468 1299 3356 20473
ASPATH: 13237 3320 3356 20473
ASPATH: 6762 3356 20473
ASPATH: 30844 3356 20473
ASPATH: 29636 2914 3356 20473
ASPATH: 286 3549 3356 20473
ASPATH: 39202 174 3356 20473
ASPATH: 8419 3356 20473
ASPATH: 6067 3356 20473
ASPATH: 5511 3356 20473
ASPATH: 8468 1299 3356 20473
ASPATH: 13237 3320 3356 20473
ASPATH: 6762 3356 20473
ASPATH: 30844 3356 20473
ASPATH: 29636 2914 3356 20473
ASPATH: 286 3549 3356 20473
ASPATH: 39202 174 3356 20473
ASPATH: 8419 3356 20473
ASPATH: 6067 3356 20473
ASPATH: 5511 3356 20473
ASPATH: 8468 1299 3356 20473
ASPATH: 13237 3320 3356 20473
ASPATH: 6762 3356 20473
ASPATH: 30844 3356 20473
ASPATH: 29636 2914 3356 20473
ASPATH: 286 3549 3356 20473
ASPATH: 39202 174 3356 20473
ASPATH: 8419 3356 20473
ASPATH: 6067 3356 20473
ASPATH: 5511 3356 20473
ASPATH: 8468 1299 3356 11306
ASPATH: 13237 3320 3356 11306
ASPATH: 6762 3356 11306
ASPATH: 30844 3356 11306
ASPATH: 29636 2914 19024 11306
ASPATH: 286 3549 19024 19024 11306
ASPATH: 2914 19024 11306
ASPATH: 2914 19024 11306
ASPATH: 39202 3257 3356 11306
ASPATH: 8419 3356 11306
ASPATH: 6067 3356 11306
ASPATH: 5511 3356 11306
ASPATH: 8468 1299 701 31883
ASPATH: 13237 3320 1239 701 31883
ASPATH: 6762 701 31883
ASPATH: 8419 6461 701 31883
ASPATH: 6067 6453 701 31883
ASPATH: 5511 701 31883
ASPATH: 286 3549 701 31883
ASPATH: 29636 2914 701 31883
ASPATH: 39202 174 701 31883
ASPATH: 8468 1299 3356 20473
ASPATH: 13237 3320 3356 20473
ASPATH: 6762 3356 20473
ASPATH: 30844 3356 20473
ASPATH: 29636 2914 3356 20473
ASPATH: 286 3549 3356 20473
ASPATH: 39202 174 3356 20473
ASPATH: 8419 3356 20473
ASPATH: 6067 3356 20473
ASPATH: 5511 3356 20473
ASPATH: 8468 1299 3356 20473
ASPATH: 13237 3320 3356 20473
ASPATH: 6762 3356 20473
ASPATH: 30844 3356 20473
ASPATH: 29636 2914 3356 20473
ASPATH: 286 3549 3356 20473
ASPATH: 39202 174 3356 20473
ASPATH: 8419 3356 20473
ASPATH: 6067 3356 20473
ASPATH: 5511 3356 20473
ASPATH: 8468 1299 3549 11176
ASPATH: 13237 3549 11176
ASPATH: 6762 3549 11176
ASPATH: 29636 2914 3549 11176
ASPATH: 286 3549 11176
ASPATH: 39202 174 3549 11176
ASPATH: 8419 6461 3549 11176
ASPATH: 6067 3549 11176
ASPATH: 34245 3257 3549 11176
ASPATH: 5511 3549 11176
ASPATH: 8468 1299 3356 32182
ASPATH: 13237 3320 3356 32182
ASPATH: 6762 3356 32182
ASPATH: 30844 3356 32182
ASPATH: 29636 2914 3356 32182
ASPATH: 286 3549 3356 32182
ASPATH: 39202 174 3356 32182
ASPATH: 8419 3356 32182
ASPATH: 34245 174 3356 32182
ASPATH: 6067 3356 32182
ASPATH: 5511 3356 32182
ASPATH: 8468 1299 3549 32787
ASPATH: 6762 3549 32787
ASPATH: 13237 3549 32787
ASPATH: 30844 3356 32787
ASPATH: 29636 2914 3356 32787
ASPATH: 286 3549 32787
ASPATH: 8419 3356 32787
ASPATH: 6067 3356 32787
ASPATH: 39202 174 3549 32787
ASPATH: 5511 3356 32787
ASPATH: 12989 33438 20446
ASPATH: 8468 12989 33438 20446
ASPATH: 6762 3549 12989 33438 20446
ASPATH: 13237 12989 33438 20446
ASPATH: 34245 12989 33438 20446
ASPATH: 29636 2914 12989 33438 20446
ASPATH: 286 12989 33438 20446
ASPATH: 39202 174 3549 12989 29798 20446
ASPATH: 8419 12989 33438 20446
ASPATH: 6067 12989 33438 20446
ASPATH: 5511 3549 12989 33438 20446
ASPATH: 8468 1299 2914 12180
ASPATH: 13237 3549 12180
ASPATH: 6762 3549 12180
ASPATH: 2914 12180
ASPATH: 29636 2914 12180
ASPATH: 286 3549 12180
ASPATH: 2914 12180
ASPATH: 39202 174 2914 12180
ASPATH: 8419 6461 2914 12180
ASPATH: 6067 3549 12180
ASPATH: 5511 2914 12180
ASPATH: 8468 22822 10949
ASPATH: 6762 3549 22822 10949
ASPATH: 13237 22822 10949
ASPATH: 30844 22822 10949
ASPATH: 8419 22822 10949
ASPATH: 29636 22822 10949
ASPATH: 286 22822 10949
ASPATH: 39202 22822 10949
ASPATH: 34245 22822 10949
ASPATH: 6067 22822 10949
ASPATH: 5511 22822 22822 22822 10949
ASPATH: 8468 1299 174 22886
ASPATH: 6762 174 22886
ASPATH: 13237 174 22886
ASPATH: 29636 2914 174 22886
ASPATH: 5511 174 22886
ASPATH: 286 174 22886
ASPATH: 39202 174 22886
ASPATH: 8419 6461 174 22886
ASPATH: 6067 174 22886
ASPATH: 8468 1299 3356 32760
ASPATH: 13237 3320 3356 32760
ASPATH: 6762 3356 32760
ASPATH: 30844 3356 32760
ASPATH: 29636 2914 3356 32760
ASPATH: 286 209 32760 32760 32760 32760 32760
ASPATH: 39202 3257 3356 32760
ASPATH: 8419 3356 32760
ASPATH: 6067 3356 32760
ASPATH: 5511 3356 32760
ASPATH: 8468 1299 3356 30016
ASPATH: 13237 3320 3356 30016
ASPATH: 6762 3356 30016
ASPATH: 30844 3356 30016
ASPATH: 29636 2914 3356 30016
ASPATH: 286 3549 3356 30016
ASPATH: 39202 174 3356 30016
ASPATH: 6067 3356 30016
ASPATH: 5511 3356 30016
ASPATH: 8419 3356 30016
ASPATH: 8468 1299 2914 12180
ASPATH: 13237 3549 12180
ASPATH: 6762 3549 12180
ASPATH: 2914 12180
ASPATH: 29636 2914 12180
ASPATH: 286 3549 12180
ASPATH: 2914 12180
ASPATH: 39202 174 2914 12180
ASPATH: 34245 174 2914 12180
ASPATH: 8419 6461 2914 12180
ASPATH: 6067 3549 12180
ASPATH: 5511 2914 12180
ASPATH: 8468 1299 3356 30016
ASPATH: 13237 3320 3356 30016
ASPATH: 6762 3356 30016
ASPATH: 30844 3356 30016
ASPATH: 29636 2914 3356 30016
ASPATH: 286 3549 3356 30016
ASPATH: 39202 174 3356 30016
ASPATH: 6067 3356 30016
ASPATH: 5511 3356 30016
ASPATH: 8419 3356 30016
ASPATH: 8468 1299 174 33123
ASPATH: 6762 174 33123
ASPATH: 13237 174 33123
ASPATH: 29636 2914 174 33123
ASPATH: 286 174 33123
ASPATH: 6067 174 33123
ASPATH: 8419 6461 174 33123
ASPATH: 39202 174 33123
ASPATH: 5511 174 33123
ASPATH: 13237 3549 29990
ASPATH: 8468 1299 3549 29990
ASPATH: 6762 3549 29990
ASPATH: 29636 2914 3549 29990
ASPATH: 286 3549 29990
ASPATH: 39202 174 3549 29990
ASPATH: 34245 3257 3549 29990
ASPATH: 8419 6461 3549 29990
ASPATH: 6067 3549 29990
ASPATH: 5511 3356 29990
ASPATH: 286 3549 29990
ASPATH: 6762 3549 29990
ASPATH: 8468 1299 3549 29990
ASPATH: 39202 174 3549 29990
ASPATH: 8419 6461 3549 29990
ASPATH: 6067 3549 29990
ASPATH: 29636 2914 3549 29990
ASPATH: 5511 3549 29990
ASPATH: 13237 3549 29990
ASPATH: 286 3549 29990
ASPATH: 6762 3549 29990
ASPATH: 8468 1299 3549 29990
ASPATH: 39202 174 3549 29990
ASPATH: 8419 6461 3549 29990
ASPATH: 6067 3549 29990
ASPATH: 29636 2914 3549 29990
ASPATH: 5511 3549 29990
ASPATH: 13237 3549 29990
ASPATH: 286 3549 29990
ASPATH: 6762 3549 29990
ASPATH: 8468 1299 3549 29990
ASPATH: 39202 174 3549 29990
ASPATH: 8419 6461 3549 29990
ASPATH: 6067 3549 29990
ASPATH: 29636 2914 3549 29990
ASPATH: 5511 3549 29990
ASPATH: 13237 3549 29990
ASPATH: 30844 3356 29990
ASPATH: 286 3549 29990
ASPATH: 6762 3549 29990
ASPATH: 8468 1299 3549 29990
ASPATH: 39202 174 3549 29990
ASPATH: 8419 3356 29990
ASPATH: 6067 3549 29990
ASPATH: 13237 3549 29990
ASPATH: 29636 2914 3356 29990
ASPATH: 5511 3356 29990
ASPATH: 8468 1299 3549 26769
ASPATH: 13237 3549 26769
ASPATH: 6762 3549 26769
ASPATH: 8419 6461 3549 26769
ASPATH: 286 3549 26769
ASPATH: 39202 174 3549 26769
ASPATH: 29636 2914 3549 26769
ASPATH: 5511 3549 26769
ASPATH: 6067 3549 26769
ASPATH: 8468 1299 3549 26769
ASPATH: 13237 3549 26769
ASPATH: 6762 3549 26769
ASPATH: 29636 2914 3549 26769
ASPATH: 286 3549 26769
ASPATH: 39202 174 3549 26769
ASPATH: 8419 6461 3549 26769
ASPATH: 6067 3549 26769
ASPATH: 5511 3549 26769
ASPATH: 8468 1299 3356 25642
ASPATH: 30844 3356 25642
ASPATH: 6762 3356 25642
ASPATH: 13237 4323 25642
ASPATH: 5511 3356 25642
ASPATH: 29636 2914 3356 25642
ASPATH: 286 3549 3356 25642
ASPATH: 39202 174 4323 25642
ASPATH: 8419 3356 25642
ASPATH: 6067 3356 25642
ASPATH: 8468 1299 3356 25642
ASPATH: 30844 3356 25642
ASPATH: 6762 3356 25642
ASPATH: 13237 4323 25642
ASPATH: 5511 3356 25642
ASPATH: 29636 2914 3356 25642
ASPATH: 286 3549 3356 25642
ASPATH: 39202 174 4323 25642
ASPATH: 8419 3356 25642
ASPATH: 6067 3356 25642
ASPATH: 8468 1299 7018 19181
ASPATH: 13237 3320 7018 19181
ASPATH: 6762 7018 19181
ASPATH: 286 209 19181
ASPATH: 39202 174 209 19181
ASPATH: 8419 6461 7018 19181
ASPATH: 6067 3549 1239 19181
ASPATH: 5511 209 19181
ASPATH: 29636 2914 1239 19181
ASPATH: 8468 1299 3356 22324
ASPATH: 13237 3320 3356 22324
ASPATH: 6762 3356 22324
ASPATH: 30844 3356 22324
ASPATH: 29636 2914 3356 22324
ASPATH: 286 3549 3356 22324
ASPATH: 5511 3356 22324
ASPATH: 39202 174 3356 22324
ASPATH: 8419 3356 22324
ASPATH: 6067 3356 22324
ASPATH: 8468 1299 3356 2033
ASPATH: 13237 3320 3356 2033
ASPATH: 6762 3356 2033
ASPATH: 30844 3356 2033
ASPATH: 29636 2914 3356 2033
ASPATH: 286 3549 3356 2033
ASPATH: 39202 174 3356 2033
ASPATH: 8419 3356 2033
ASPATH: 6067 3356 2033
ASPATH: 5511 3356 2033
ASPATH: 8468 1299 3356 20149
ASPATH: 13237 6128 20149 20149 20149 20149 20149 20149
ASPATH: 6762 3356 20149
ASPATH: 30844 3356 20149
ASPATH: 29636 2914 3356 20149
ASPATH: 286 3549 3356 20149
ASPATH: 39202 3257 3356 20149
ASPATH: 8419 3356 20149
ASPATH: 6067 3356 20149
ASPATH: 5511 3356 20149
ASPATH: 8468 1299 7018 40331
ASPATH: 13237 3320 7018 40331
ASPATH: 6762 7018 40331
ASPATH: 30844 3356 7018 40331
ASPATH: 29636 2914 7018 40331
ASPATH: 286 3549 1239 23329 40331
ASPATH: 39202 174 7018 40331
ASPATH: 8419 6461 7018 40331
ASPATH: 6067 3356 7018 40331
ASPATH: 5511 7018 40331
ASPATH: 8468 1299 3356 7148
ASPATH: 13237 3320 3356 7148
ASPATH: 6762 3356 7148
ASPATH: 30844 3356 7148
ASPATH: 8419 3356 7148
ASPATH: 39202 174 3356 7148
ASPATH: 29636 2914 3356 7148
ASPATH: 5511 3356 7148
ASPATH: 286 3549 3356 7148
ASPATH: 6067 3356 7148
ASPATH: 8468 1299 1239 14236
ASPATH: 13237 3320 1239 14236
ASPATH: 6762 7018 6389 6382 14236
ASPATH: 286 3549 1239 14236
ASPATH: 8419 6461 6389 6382 14236
ASPATH: 39202 174 6389 6382 14236
ASPATH: 6067 3549 1239 14236
ASPATH: 29636 2914 1239 14236
ASPATH: 5511 1239 14236
ASPATH: 8468 1299 3356 11168 11168 11168
ASPATH: 13237 3320 3356 11168 11168 11168
ASPATH: 6762 3356 11168 11168 11168
ASPATH: 30844 3356 11168 11168 11168
ASPATH: 29636 2914 3356 11168 11168 11168
ASPATH: 39202 174 3356 11168 11168 11168
ASPATH: 8419 3356 11168 11168 11168
ASPATH: 6067 3356 11168 11168 11168
ASPATH: 286 3549 3356 11168 11168 11168
ASPATH: 34245 174 3356 11168 11168 11168
ASPATH: 5511 3356 11168 11168 11168
ASPATH: 8468 1299 209 14695
ASPATH: 13237 3320 209 14695
ASPATH: 6762 209 14695
ASPATH: 30844 3356 11168 11168 11168 14695
ASPATH: 29636 2914 3356 11168 11168 11168 14695
ASPATH: 5511 209 14695
ASPATH: 286 209 14695
ASPATH: 39202 174 209 14695
ASPATH: 8419 6461 209 14695
ASPATH: 6067 6453 209 14695
ASPATH: 8468 1299 3356 11168 11168 11168
ASPATH: 13237 3320 3356 11168 11168 11168
ASPATH: 6762 3356 11168 11168 11168
ASPATH: 30844 3356 11168 11168 11168
ASPATH: 29636 2914 3356 11168 11168 11168
ASPATH: 39202 174 3356 11168 11168 11168
ASPATH: 8419 3356 11168 11168 11168
ASPATH: 286 3549 3356 11168 11168 11168
ASPATH: 6067 3356 11168 11168 11168
ASPATH: 5511 3356 11168 11168 11168
ASPATH: 8468 1299 3356 11168 11168 11168
ASPATH: 13237 3320 3356 11168 11168 11168
ASPATH: 6762 3356 11168 11168 11168
ASPATH: 30844 3356 11168 11168 11168
ASPATH: 29636 2914 3356 11168 11168 11168
ASPATH: 6067 3356 11168 11168 11168
ASPATH: 39202 174 3356 11168 11168 11168
ASPATH: 8419 3356 11168 11168 11168
ASPATH: 286 3549 3356 11168 11168 11168
ASPATH: 34245 174 3356 11168 11168 11168
ASPATH: 5511 3356 11168 11168 11168
ASPATH: 8468 1299 174 22886
ASPATH: 6762 174 22886
ASPATH: 13237 174 22886
ASPATH: 29636 2914 174 22886
ASPATH: 5511 174 22886
ASPATH: 286 174 22886
ASPATH: 39202 174 22886
ASPATH: 8419 6461 174 22886
ASPATH: 6067 174 22886
ASPATH: 8468 1299 2914 22886
ASPATH: 13237 3320 2914 22886
ASPATH: 6762 2914 22886
ASPATH: 29636 2914 22886
ASPATH: 286 3549 2914 22886
ASPATH: 2914 22886
ASPATH: 2914 22886
ASPATH: 39202 174 2914 22886
ASPATH: 8419 6461 2914 22886
ASPATH: 6067 6453 2914 22886
ASPATH: 5511 2914 22886
ASPATH: 8468 1299 2914 27345 27345 27345
ASPATH: 13237 3320 3356 27345 27345 27345
ASPATH: 6762 3356 27345 27345 27345
ASPATH: 30844 3356 27345 27345 27345
ASPATH: 29636 2914 27345 27345 27345
ASPATH: 286 3549 3356 27345 27345 27345
ASPATH: 2914 27345 27345 27345
ASPATH: 2914 27345 27345 27345
ASPATH: 39202 174 2914 27345 27345 27345
ASPATH: 8419 3356 27345 27345 27345
ASPATH: 6067 3356 27345 27345 27345
ASPATH: 5511 2914 27345 27345 27345
ASPATH: 8468 1299 3356 19438
ASPATH: 13237 3320 3356 19438
ASPATH: 6762 3356 19438
ASPATH: 30844 3356 19438
ASPATH: 29636 2914 3356 19438
ASPATH: 286 3549 3356 19438
ASPATH: 39202 174 3356 19438
ASPATH: 6067 3356 19438
ASPATH: 8419 3356 19438
ASPATH: 5511 3356 19438
ASPATH: 8468 1299 3356 40917
ASPATH: 6762 3356 40917
ASPATH: 13237 4323 40917 40917 40917 40917
ASPATH: 30844 3356 40917
ASPATH: 286 3549 3356 40917
ASPATH: 8419 3356 40917
ASPATH: 39202 3257 3356 40917
ASPATH: 6067 3356 40917
ASPATH: 5511 3356 40917
ASPATH: 29636 2914 3356 40917
ASPATH: 8468 10310 10310 14779
ASPATH: 6762 10310 14779
ASPATH: 13237 10310 14779
ASPATH: 30844 10310 10310 14779
ASPATH: 29636 3257 10310 14779
ASPATH: 286 10310 10310 14779
ASPATH: 39202 174 10310 14779
ASPATH: 8419 6461 10310 14779
ASPATH: 6067 3549 10310 14779
ASPATH: 5511 701 7018 10310 10310 10310 10310 14779
ASPATH: 8468 10310 10310 36752
ASPATH: 6762 10310 36752
ASPATH: 13237 10310 36752
ASPATH: 30844 10310 10310 36752
ASPATH: 29636 3257 10310 36752
ASPATH: 286 10310 10310 36752
ASPATH: 39202 174 10310 36752
ASPATH: 8419 6461 10310 36752
ASPATH: 34245 174 10310 36752
ASPATH: 6067 3549 10310 36752
ASPATH: 5511 701 7018 10310 10310 10310 10310 36752
ASPATH: 8468 1299 2914 11982
ASPATH: 13237 3320 3356 11982
ASPATH: 6762 3356 11982
ASPATH: 30844 3356 11982
ASPATH: 2914 11982
ASPATH: 2914 11982
ASPATH: 286 3549 3356 11982
ASPATH: 8419 3356 11982
ASPATH: 6067 3356 11982
ASPATH: 39202 174 2914 11982
ASPATH: 5511 3356 11982
ASPATH: 29636 2914 11982
ASPATH: 8468 1299 3549 29990
ASPATH: 13237 3549 29990
ASPATH: 6762 3549 29990
ASPATH: 30844 3356 29990
ASPATH: 29636 2914 3356 29990
ASPATH: 286 3549 29990
ASPATH: 39202 174 3549 29990
ASPATH: 34245 3257 3549 29990
ASPATH: 8419 3356 29990
ASPATH: 6067 3356 29990
ASPATH: 5511 3356 29990
ASPATH: 30844 3356 29990
ASPATH: 8468 1299 3356 29990
ASPATH: 13237 3549 29990
ASPATH: 6762 3356 29990
ASPATH: 29636 2914 3356 29990
ASPATH: 286 3549 29990
ASPATH: 39202 3257 3356 29990
ASPATH: 8419 3356 29990
ASPATH: 6067 3356 29990
ASPATH: 5511 3356 29990
ASPATH: 8468 1299 4323 13647
ASPATH: 6762 4323 13647
ASPATH: 13237 4323 13647
ASPATH: 29636 2914 4323 13647
ASPATH: 286 3549 4323 13647
ASPATH: 39202 174 4323 13647
ASPATH: 6067 3549 4323 13647
ASPATH: 8419 6461 4323 13647
ASPATH: 5511 1239 4323 13647
ASPATH: 8468 1299 3356 30016
ASPATH: 13237 3320 3356 30016
ASPATH: 6762 3356 30016
ASPATH: 30844 3356 30016
ASPATH: 29636 2914 3356 30016
ASPATH: 286 3549 3356 30016
ASPATH: 39202 174 3356 30016
ASPATH: 6067 3356 30016
ASPATH: 5511 3356 30016
ASPATH: 8419 3356 30016
ASPATH: 8468 1299 3356 30016
ASPATH: 13237 3320 3356 30016
ASPATH: 6762 3356 30016
ASPATH: 30844 3356 30016
ASPATH: 29636 2914 3356 30016
ASPATH: 286 3549 3356 30016
ASPATH: 39202 174 3356 30016
ASPATH: 6067 3356 30016
ASPATH: 5511 3356 30016
ASPATH: 8419 3356 30016
ASPATH: 5511 701 22493 22493 22493 22493
ASPATH: 6762 701 22493 22493 22493 22493
ASPATH: 6067 6453 701 22493 22493 22493 22493
ASPATH: 39202 174 701 22493 22493 22493 22493
ASPATH: 8419 6461 701 22493 22493 22493 22493
ASPATH: 286 3549 701 22493 22493 22493 22493
ASPATH: 8468 1299 701 22493 22493 22493 22493
ASPATH: 13237 3320 1239 701 22493 22493 22493 22493
ASPATH: 29636 2914 701 22493 22493 22493 22493
ASPATH: 8468 1299 3561 14173 14173
ASPATH: 13237 174 14173 14173 14173 14173 14173 14173
ASPATH: 6762 209 14173 14173
ASPATH: 29636 2914 3561 14173 14173
ASPATH: 286 209 14173 14173
ASPATH: 39202 3257 3561 14173 14173
ASPATH: 8419 6461 3561 14173 14173
ASPATH: 34245 3257 3561 14173 14173
ASPATH: 6067 174 14173 14173 14173 14173 14173 14173
ASPATH: 5511 3561 14173 14173
ASPATH: 8468 1299 3356 20053
ASPATH: 13237 3320 3356 20053
ASPATH: 6762 3356 20053
ASPATH: 30844 3356 20053
ASPATH: 286 3549 3356 20053
ASPATH: 6067 3356 20053
ASPATH: 8419 3356 20053
ASPATH: 39202 174 3356 20053
ASPATH: 29636 2914 3356 20053
ASPATH: 5511 3356 20053
ASPATH: 8468 1299 3356 14126
ASPATH: 13237 3320 3356 14126
ASPATH: 6762 3356 14126
ASPATH: 30844 3356 14126
ASPATH: 29636 2914 3356 14126
ASPATH: 286 3549 3356 14126
ASPATH: 39202 174 3356 14126
ASPATH: 8419 3356 14126
ASPATH: 34245 174 3356 14126
ASPATH: 6067 3356 14126
ASPATH: 5511 3356 14126
ASPATH: 8468 1299 3356 19897
ASPATH: 13237 3320 3356 19897
ASPATH: 6762 3356 19897
ASPATH: 30844 3356 19897
ASPATH: 286 3549 3356 19897
ASPATH: 39202 174 3356 19897
ASPATH: 34245 174 3356 19897
ASPATH: 6067 3356 19897
ASPATH: 8419 3356 19897
ASPATH: 29636 2914 3356 19897
ASPATH: 5511 3356 19897
ASPATH: 8468 1299 3356 19897
ASPATH: 13237 3320 3356 19897
ASPATH: 6762 3356 19897
ASPATH: 30844 3356 19897
ASPATH: 286 3549 3356 19897
ASPATH: 39202 174 3356 19897
ASPATH: 34245 174 3356 19897
ASPATH: 6067 3356 19897
ASPATH: 8419 3356 19897
ASPATH: 29636 2914 3356 19897
ASPATH: 5511 3356 19897
ASPATH: 8468 3491 18734 594
ASPATH: 6762 3356 594
ASPATH: 13237 6461 7459 594
ASPATH: 29636 3491 18734 594
ASPATH: 30844 3491 18734 594
ASPATH: 6461 7459 594
ASPATH: 286 6461 7459 594
ASPATH: 39202 3491 18734 594
ASPATH: 8419 6461 7459 594
ASPATH: 34245 174 3491 18734 594
ASPATH: 6067 6461 7459 594
ASPATH: 5511 3356 594
ASPATH: 6939 36217
ASPATH: 8468 6939 36217
ASPATH: 6762 6939 36217
ASPATH: 13237 6939 36217
ASPATH: 29636 6939 36217
ASPATH: 286 6939 36217
ASPATH: 1299 6939 6939 36217
ASPATH: 39202 174 6939 36217
ASPATH: 8419 6939 36217
ASPATH: 34245 6939 36217
ASPATH: 6067 6939 36217
ASPATH: 5511 1299 6939 6939 36217
ASPATH: 8468 1299 3356 23249
ASPATH: 6762 3356 23249
ASPATH: 13237 174 23249 23249 23249 23249
ASPATH: 30844 3356 23249
ASPATH: 29636 2914 3356 23249
ASPATH: 286 174 23249 23249 23249 23249
ASPATH: 39202 3257 3356 23249
ASPATH: 8419 3356 23249
ASPATH: 6067 174 23249 23249 23249 23249
ASPATH: 5511 3356 23249
ASPATH: 8468 1299 3356 19397
ASPATH: 6762 3356 19397
ASPATH: 13237 174 19397 19397 19397 19397
ASPATH: 30844 3356 19397
ASPATH: 6067 174 19397 19397 19397 19397
ASPATH: 29636 2914 3356 19397
ASPATH: 286 174 19397 19397 19397 19397
ASPATH: 39202 3257 3356 19397
ASPATH: 8419 3356 19397
ASPATH: 5511 3356 19397
ASPATH: 8468 1299 15133 15133
ASPATH: 13237 1299 15133 15133
ASPATH: 6762 1299 15133 15133
ASPATH: 30844 3356 15133 15133
ASPATH: 29636 2914 3356 15133 15133
ASPATH: 286 1299 15133 15133
ASPATH: 1299 15133 15133
ASPATH: 39202 174 1299 15133 15133
ASPATH: 8419 3356 15133 15133
ASPATH: 6067 3356 15133 15133
ASPATH: 5511 3356 15133 15133
ASPATH: 8468 1299 3356 21685
ASPATH: 13237 3320 3356 21685
ASPATH: 6762 3356 21685
ASPATH: 30844 3356 21685
ASPATH: 6067 3356 21685
ASPATH: 286 3549 3356 21685
ASPATH: 39202 174 3356 21685
ASPATH: 8419 3356 21685
ASPATH: 5511 3356 21685
ASPATH: 29636 2914 3356 21685
ASPATH: 8468 1299 3356 21685
ASPATH: 13237 3320 3356 21685
ASPATH: 6762 3356 21685
ASPATH: 30844 3356 21685
ASPATH: 29636 2914 3356 21685
ASPATH: 286 3549 3356 21685
ASPATH: 39202 174 3356 21685
ASPATH: 8419 3356 21685
ASPATH: 6067 3356 21685
ASPATH: 5511 3356 21685
ASPATH: 8468 1299 3549 26769
ASPATH: 13237 3549 26769
ASPATH: 6762 3549 26769
ASPATH: 30844 3356 26769
ASPATH: 286 3549 26769
ASPATH: 6067 3356 26769
ASPATH: 39202 174 3549 26769
ASPATH: 8419 3356 26769
ASPATH: 34245 3257 3549 26769
ASPATH: 29636 2914 3356 26769
ASPATH: 5511 3356 26769
ASPATH: 8468 1299 3356 21740
ASPATH: 13237 3320 3356 21740
ASPATH: 6762 3356 21740
ASPATH: 30844 3356 21740
ASPATH: 29636 2914 3356 21740
ASPATH: 286 3549 3356 21740
ASPATH: 39202 174 3356 21740
ASPATH: 8419 6461 3356 21740
ASPATH: 6067 3356 21740
ASPATH: 5511 3356 21740
ASPATH: 8468 1299 2914 10913 10913 30300 30300 30300 30300 30300
ASPATH: 13237 3320 2914 10913 10913 30300 30300 30300 30300 30300
ASPATH: 6762 2828 10913 10913 30300 30300 30300 30300 30300
ASPATH: 30844 22773 10913 10913 10913 30300 30300 30300 30300 30300
ASPATH: 29636 2914 10913 10913 30300 30300 30300 30300 30300
ASPATH: 286 22773 10913 10913 10913 30300 30300 30300 30300 30300
ASPATH: 2914 10913 10913 30300 30300 30300 30300 30300
ASPATH: 2914 10913 10913 30300 30300 30300 30300 30300
ASPATH: 39202 174 2914 10913 10913 30300 30300 30300 30300 30300
ASPATH: 8419 6461 2914 10913 10913 30300 30300 30300 30300 30300
ASPATH: 6067 6453 2914 10913 10913 30300 30300 30300 30300 30300
ASPATH: 5511 2914 10913 10913 30300 30300 30300 30300 30300
ASPATH: 8468 1299 3549 26769
ASPATH: 13237 3549 26769
ASPATH: 6762 3549 26769
ASPATH: 30844 3356 26769
ASPATH: 286 3549 26769
ASPATH: 6067 3356 26769
ASPATH: 39202 174 3549 26769
ASPATH: 8419 3356 26769
ASPATH: 34245 3257 3549 26769
ASPATH: 29636 2914 3356 26769
ASPATH: 5511 3356 26769
ASPATH: 8468 1299 174 14833
ASPATH: 6762 174 14833
ASPATH: 13237 174 14833
ASPATH: 30844 3356 26769 14833
ASPATH: 29636 2914 174 14833
ASPATH: 286 174 14833
ASPATH: 39202 174 14833
ASPATH: 8419 6461 174 14833
ASPATH: 6067 174 14833
ASPATH: 5511 174 14833
ASPATH: 8468 1299 27589
ASPATH: 13237 1299 27589
ASPATH: 6762 27589 27589
ASPATH: 29636 2914 1299 27589
ASPATH: 1299 27589
ASPATH: 286 1299 27589
ASPATH: 39202 3257 1299 27589
ASPATH: 8419 6461 1299 27589
ASPATH: 6067 3549 1299 27589
ASPATH: 5511 1299 27589
ASPATH: 8468 1299 209 40800
ASPATH: 13237 3320 209 40800
ASPATH: 6762 209 40800
ASPATH: 5511 209 40800
ASPATH: 29636 2914 209 40800
ASPATH: 286 209 40800
ASPATH: 39202 174 209 40800
ASPATH: 6067 6453 209 40800
ASPATH: 8419 6461 209 40800
ASPATH: 8468 1299 3356 11459
ASPATH: 6762 3356 11459
ASPATH: 13237 4323 11456 11459
ASPATH: 30844 3356 11459
ASPATH: 29636 2914 3356 11459
ASPATH: 286 3549 3356 11459
ASPATH: 39202 3257 3356 11459
ASPATH: 8419 3356 11459
ASPATH: 6067 3356 11459
ASPATH: 5511 3356 11459
ASPATH: 8468 1299 3549 26769
ASPATH: 13237 3549 26769
ASPATH: 6762 3549 26769
ASPATH: 8419 6461 3549 26769
ASPATH: 39202 174 3549 26769
ASPATH: 6067 3549 26769
ASPATH: 286 3549 26769
ASPATH: 29636 2914 3549 26769
ASPATH: 5511 3549 26769
ASPATH: 8468 1299 3549 26769
ASPATH: 13237 3549 26769
ASPATH: 6762 3549 26769
ASPATH: 286 3549 26769
ASPATH: 39202 174 3549 26769
ASPATH: 8419 6461 3549 26769
ASPATH: 6067 3549 26769
ASPATH: 5511 3549 26769
ASPATH: 29636 2914 3549 26769
ASPATH: 8468 1299 3356 33098
ASPATH: 13237 3320 3356 33098
ASPATH: 6762 3356 33098
ASPATH: 30844 3356 33098
ASPATH: 29636 2914 3356 33098
ASPATH: 286 3549 3356 33098
ASPATH: 39202 174 3356 33098
ASPATH: 34245 174 3356 33098
ASPATH: 8419 3356 33098
ASPATH: 6067 3356 33098
ASPATH: 5511 3356 33098
ASPATH: 8468 1299 7018 19181
ASPATH: 13237 3320 3561 19181
ASPATH: 6762 7018 19181
ASPATH: 39202 174 3561 19181
ASPATH: 286 3549 3561 19181
ASPATH: 34245 174 3561 19181
ASPATH: 8419 6461 3561 19181
ASPATH: 6067 3549 3561 19181
ASPATH: 29636 2914 7018 19181
ASPATH: 5511 3561 19181
ASPATH: 8468 1299 3356 2551 17022
ASPATH: 13237 3320 3356 2551 17022
ASPATH: 6762 3356 2551 17022
ASPATH: 30844 3356 2551 17022
ASPATH: 29636 2914 3356 2551 17022
ASPATH: 286 3549 3356 2551 17022
ASPATH: 39202 174 3356 2551 17022
ASPATH: 6067 3356 2551 17022
ASPATH: 8419 3356 2551 17022
ASPATH: 5511 3356 2551 17022
ASPATH: 8468 1299 3257 16509
ASPATH: 13237 3257 16509
ASPATH: 6762 3257 16509
ASPATH: 30844 3356 16509
ASPATH: 3257 16509
ASPATH: 29636 2914 16509
ASPATH: 286 3257 16509
ASPATH: 2914 16509
ASPATH: 2914 16509
ASPATH: 39202 3257 16509
ASPATH: 8419 3356 16509
ASPATH: 6067 3356 16509
ASPATH: 5511 2914 16509
ASPATH: 13237 3549 29990
ASPATH: 8468 1299 3549 29990
ASPATH: 6762 3549 29990
ASPATH: 30844 3356 29990
ASPATH: 29636 2914 3356 29990
ASPATH: 286 3549 29990
ASPATH: 39202 174 3549 29990
ASPATH: 8419 3356 29990
ASPATH: 34245 3257 3549 29990
ASPATH: 6067 3356 29990
ASPATH: 5511 3356 29990
ASPATH: 8468 1299 3356
ASPATH: 3356
ASPATH: 13237 3320 3356
ASPATH: 6762 3356
ASPATH: 30844 3356
ASPATH: 29636 2914 3356
ASPATH: 286 3549 3356
ASPATH: 39202 174 3356
ASPATH: 8419 3356
ASPATH: 34245 3257 3356
ASPATH: 6067 3356
ASPATH: 5511 3356
ASPATH: 8468 1299 701 18907
ASPATH: 39202 174 701 18907
ASPATH: 286 3549 701 18907
ASPATH: 5511 701 18907
ASPATH: 6067 6453 701 18907
ASPATH: 6762 701 18907
ASPATH: 8419 6461 701 18907
ASPATH: 13237 3320 1239 701 18907
ASPATH: 29636 2914 701 18907
ASPATH: 8468 1299 174 27390